2 0.55 0.675 0.08 0.143333
2 0.66875 0.645 0.0925 0.156667
2 0.57125 0.49 0.0725 0.12
2 0.21125 0.811667 0.0975 0.183333
2 0.46875 0.476667 0.0725 0.133333
2 0.32625 0.85 0.0925 0.166667
2 0.6425 0.291667 0.06 0.123333
2 0.72 0.291667 0.065 0.103333
2 0.80125 0.308333 0.0725 0.11
2 0.89375 0.176667 0.0575 0.106667
2 0.78375 0.145 0.0525 0.09
2 0.81625 0.06 0.0575 0.08
2 0.74125 0.0633333 0.0575 0.0666667
2 0.64 0.0583333 0.045 0.07
2 0.5725 0.145 0.06 0.0966667
2 0.535 0.245 0.07 0.103333
2 0.47125 0.253333 0.0825 0.1
2 0.37875 0.203333 0.0725 0.0933333
2 0.3275 0.138333 0.04 0.0566667
2 0.48 0.11 0.055 0.08
2 0.51375 0.0516667 0.0575 0.0833333
2 0.2825 0.211667 0.06 0.11
2 0.17125 0.193333 0.0725 0.1
2 0.21375 0.136667 0.0575 0.0733333
2 0.0875 0.193333 0.055 0.1
2 0.1375 0.393333 0.08 0.18
2 0.26 0.425 0.055 0.123333
2 0.25 0.588333 0.085 0.136667
2 0.34375 0.408333 0.0725 0.116667
2 0.405 0.613333 0.095 0.146667
2 0.19 0.563333 0.06 0.106667
2 0.12875 0.561667 0.0875 0.13
2 0.03 0.366667 0.06 0.12
2 0.01875 0.176667 0.0375 0.113333
2 0.02125 0.515 0.0425 0.143333
2 0.08 0.806667 0.1 0.14
2 0.48875 0.863333 0.1125 0.146667
2 0.79125 0.741667 0.0875 0.123333
2 0.84125 0.486667 0.0775 0.14
2 0.96375 0.561667 0.0725 0.13
2 0.9575 0.348333 0.075 0.123333
2 0.71 0.473333 0.07 0.113333
2 0.95375 0.79 0.0925 0.133333
2 0.97875 0.186667 0.0425 0.0866667
