2 0.802604 0.0791667 0.0947917 0.152778
2 0.521094 0.653241 0.0859375 0.219444
2 0.642969 0.350926 0.0848958 0.216667
2 0.171615 0.648611 0.0713542 0.184259
2 0.254427 0.0944444 0.101563 0.172222
2 0.289844 0.364352 0.0921875 0.226852
2 0.892448 0.14537 0.0848958 0.222222
2 0.823698 0.0476852 0.0703125 0.0953704
2 0.126823 0.724074 0.0869792 0.207407
2 0.378906 0.89213 0.0953125 0.210185
2 0.0679687 0.203241 0.0984375 0.215741
2 0.497656 0.289352 0.0713542 0.199074
2 0.752083 0.105556 0.08125 0.183333
2 0.657552 0.1 0.0817708 0.164815
2 0.578125 0.760648 0.0979167 0.250926
2 0.934115 0.523148 0.0932292 0.201852
2 0.49349 0.0856481 0.102604 0.149074
