2 0.5365 0.371758 0.031 0.0648415
2 0.596 0.505043 0.033 0.0691643
2 0.696 0.542507 0.041 0.0662824
2 0.7185 0.447046 0.032 0.0684438
2 0.73325 0.397695 0.0295 0.0576369
2 0.6665 0.378602 0.032 0.0713256
2 0.63475 0.289265 0.0285 0.0612392
2 0.5615 0.291787 0.028 0.0504323
2 0.558 0.346902 0.027 0.0569164
2 0.4745 0.574928 0.036 0.0677233
2 0.45425 0.529179 0.0295 0.0698847
2 0.37875 0.618876 0.0395 0.074928
2 0.40625 0.699568 0.0345 0.0850144
2 0.32875 0.764769 0.0405 0.0785303
2 0.41125 0.920389 0.0465 0.100144
2 0.24875 0.934798 0.0465 0.0871758
2 0.5455 0.857349 0.047 0.0792507
2 0.646 0.815202 0.04 0.0900576
2 0.75 0.901297 0.057 0.0994236
2 0.90475 0.787824 0.0415 0.0785303
2 0.94025 0.775216 0.0345 0.073487
2 0.94075 0.599784 0.0405 0.0886167
2 0.9435 0.527017 0.032 0.0583574
2 0.8805 0.366354 0.031 0.0540346
2 0.12675 0.464697 0.0365 0.0706052
2 0.07325 0.457853 0.0345 0.0698847
2 0.01525 0.474063 0.0305 0.0691643
2 0.26325 0.598703 0.0325 0.0778098
2 0.28925 0.556196 0.0275 0.0648415
2 0.134 0.368516 0.029 0.0597983
2 0.32525 0.204611 0.0195 0.0461095
2 0.36775 0.286744 0.0265 0.0533141
2 0.343 0.361311 0.027 0.0597983
2 0.498 0.136527 0.022 0.0439481
2 0.5405 0.0983429 0.022 0.0439481
2 0.572 0.0583574 0.019 0.0475504
2 0.431 0.104827 0.025 0.0439481
2 0.39125 0.0670029 0.0205 0.0417867
2 0.35175 0.0536744 0.0175 0.0439481
2 0.31675 0.0911383 0.0195 0.0525937
2 0.2965 0.121398 0.023 0.0482709
2 0.26475 0.144092 0.0215 0.0389049
2 0.3965 0.198847 0.022 0.0432277
2 0.6225 0.184438 0.029 0.0403458
2 0.7095 0.197046 0.026 0.0410663
2 0.8265 0.160663 0.022 0.0417867
2 0.87 0.161023 0.023 0.0381844
2 0.84975 0.277017 0.0245 0.0439481
2 0.77325 0.233429 0.0245 0.056196
2 0.7305 0.104107 0.024 0.045389
2 0.078 0.684078 0.045 0.0842939
2 0.2605 0.393732 0.029 0.065562
2 0.365 0.451369 0.037 0.0713256
2 0.4305 0.42255 0.029 0.0540346
2 0.42175 0.358429 0.0325 0.0626801
2 0.4955 0.445245 0.029 0.0648415
2 0.48425 0.356628 0.0255 0.054755
2 0.5065 0.226585 0.025 0.0540346
